4129457318856360
4139618666456164
4138894348219210
4138171287215530
4137034865990468
4136679293613936
4140706518421540
4141077621519219
4141381641300990
4141431428403057
4141741223144017
4141733287908581
4141793882429652
4142155884977297
4143243131938069
4143605909930650
4143920981658612
4143937670979587
4143967614849286
4143977639353324
4144315041023539
4144692608228450
4144708761041220
4146142251969155
4146455511826754
4146504556039530
4146504371394929
4146817476048750
4148664110680780
4149695419396755
4151155573919479
4151192383066479
4151206550777800
4151217947502040
4151892499810471
4152302539579261
4153359500470696
4153389695351432
4153721862393991
4153755304044535
4154055339793425
4154115716313836
